0,571
0,570
0,569
0,566
0,565
0,564
0,563
0,561
0,558
0,557
0,556
0,555
0,554
0,553
0,552
0,551
0,550
0,548
0,547
0,546
0,545
0,544
0,543
0,542
0,541
0,540
0,539
0,537
0,536
0,535
0,534
0,533
0,532
0,531
0,530
0,529
0,528
0,526
0,525
0,524
0,523
0,522
0,521
0,520
62,157
62,156
0,519
0,518
0,517
0,516
0,514
0,513
0,319
0,318
0,317
0,316
0,315
0,314
0,313
0,312
62,155
0,311
0,309
0,307
0,301
0,383
0,382
62,154
0,381
62,153
0,380
62,152
62,151
62,150
62,149
62,148
62,147
62,146
62,145
62,144
62,143
62,142
62,141
62,140
62,139
62,138
62,137
62,136
62,135
62,134
62,133
62,132
62,131
62,130
62,129
62,128
62,127
62,126
62,125
62,124
62,123
62,122
62,121
62,120
62,119
62,118
62,117
62,116
62,115
62,114
62,113
62,112
62,111
62,110
62,109
62,108
62,107
62,106
62,105
62,104
62,103
0,379
0,378
0,377
0,374
62,102
0,502
0,293
0,401
0,289
0,243
0,285
0,560
0,549
0,373
0,281
0,277
0,273
0,572
62,101
62,100
62,99
0,372
101,5
101,4
101,3
101,2
101,1
101,0
0,371
100,7
100,6
100,5
100,4
100,3
100,2
100,1
100,0
99,3
99,2
99,1
99,0
98,5
98,4
98,3
98,2
98,1
98,0
97,3
97,2
97,1
97,0
0,368
0,358
96,4
96,3
96,2
96,1
96,0
95,4
95,3
95,2
95,1
95,0
0,367
94,5
94,4
94,3
94,2
94,1
94,0
93,4
93,3
93,2
93,1
93,0
92,5
92,4
92,3
92,2
92,1
92,0
0,366
91,4
91,3
91,2
91,1
91,0
90,7
90,6
90,5
90,4
90,3
90,2
90,1
90,0
89,4
89,3
89,2
89,1
89,0
88,5
88,4
88,3
88,2
88,1
88,0
87,4
87,3
87,2
87,1
87,0
0,365
0,364
86,4
86,3
86,2
86,1
86,0
0,363
85,3
85,2
85,1
85,0
0,362
84,4
84,3
84,2
84,1
84,0
0,361
83,9
83,8
83,7
83,6
83,5
83,4
83,3
83,2
83,1
83,0
82,4
82,3
82,2
82,1
82,0
0,360
81,4
81,3
81,2
81,1
81,0
80,5
80,4
80,3
80,2
80,1
80,0
79,6
79,5
79,4
79,3
79,2
79,1
79,0
0,359
0,357
0,356
78,7
78,6
78,5
78,4
78,3
78,2
78,1
78,0
0,355
0,45
0,6
0,300
0,441
0,299
77,5
77,4
77,3
77,2
77,1
77,0
0,298
76,5
76,4
76,3
76,2
76,1
76,0
0,354
0,297
0,296
0,474
0,295
75,5
75,4
75,3
75,2
75,1
75,0
0,294
0,322
0,292
0,291
74,3
74,2
74,1
74,0
0,439
0,290
0,288
0,287
73,4
73,3
73,2
73,1
73,0
0,286
72,5
72,4
0,482
0,284
0,283
72,3
72,2
72,1
72,0
0,282
0,559
0,280
0,279
71,6
71,5
71,4
71,3
71,2
71,1
71,0
0,278
0,501
0,276
0,275
70,5
70,4
70,3
70,2
70,1
70,0
0,274
0,272
0,271
69,5
69,4
69,3
69,2
69,1
69,0
0,270
68,4
68,3
68,2
68,1
68,0
67,5
67,4
67,3
67,2
67,1
67,0
0,260
0,498
66,5
66,4
66,3
66,2
66,1
66,0
65,5
65,4
65,3
65,2
65,1
65,0
0,352
64,80
64,79
64,78
64,77
64,76
64,75
64,74
64,73
64,72
64,71
64,70
64,69
64,68
64,67
64,66
64,65
64,64
64,39
64,38
64,37
64,36
64,35
64,34
64,33
64,32
64,31
64,30
64,29
64,28
64,27
64,26
64,25
64,24
64,23
64,22
64,21
64,20
64,19
64,18
64,17
64,16
64,15
64,14
64,13
64,12
64,11
64,10
64,9
64,8
64,7
64,6
64,5
64,4
64,3
64,2
64,1
64,0
63,36
63,35
63,18
63,34
63,21
63,33
0,512
63,32
63,25
63,31
63,30
63,29
63,28
63,24
63,27
63,26
63,10
63,20
63,23
63,22
63,11
63,14
63,19
63,17
63,16
63,15
63,13
63,4
63,12
63,5
63,9
63,8
63,7
63,6
63,3
63,2
63,1
63,0
62,98
62,97
62,96
62,95
62,94
62,93
62,92
62,91
62,90
62,89
62,88
62,87
62,86
62,85
62,84
62,83
62,82
62,81
62,80
62,79
62,78
62,77
62,76
62,75
62,74
62,73
62,72
62,71
62,70
62,69
62,68
62,67
62,66
62,65
62,64
62,39
62,38
62,37
62,36
62,35
62,34
62,33
62,32
62,31
62,30
62,29
62,28
62,27
62,26
62,25
62,23
62,22
62,4
62,21
62,20
62,19
62,18
62,17
62,16
62,15
62,14
62,13
62,12
62,11
62,10
62,9
62,8
62,5
62,3
62,2
62,1
62,0
61,4
61,3
61,2
61,1
61,0
60,9
60,8
60,7
60,6
60,5
60,4
60,3
60,2
60,1
60,0
59,5
59,4
59,3
59,2
59,1
59,0
58,8
58,7
58,6
58,5
58,4
58,3
58,2
58,1
58,0
0,351
57,4
57,3
57,2
57,1
57,0
56,4
56,3
56,2
56,1
56,0
55,14
55,13
55,12
55,11
0,222
55,10
55,9
55,8
55,7
55,6
55,5
55,4
55,3
55,2
55,1
55,0
0,7
2,2
0,349
0,348
0,212
0,527
0,347
0,211
0,346
0,2
2,0
0,345
0,344
0,343
0,342
0,198
0,196
0,328
0,195
0,192
0,63
0,62
0,61
0,60
0,59
0,58
0,562
0,57
0,56
0,55
0,1
0,54
0,53
0,52
0,51
0,50
0,49
0,48
0,47
0,323
0,4
0,46
0,9
0,306
2,7
2,8
0,308
2,5
13,3
12,3
0,269
0,268
14,65
14,64
0,267
0,266
0,265
0,264
0,332
0,263
0,262
0,261
11,5
11,3
0,259
0,258
0,257
0,256
0,255
0,254
0,253
0,252
0,251
0,250
14,13
0,249
0,248
0,247
14,1
14,232
14,2
14,0
0,246
0,491
0,338
0,245
0,244
14,5
14,3
14,7
14,8
14,4
5,3
6,3
6,4
7,3
7,4
10,4
9,3
9,4
8,3
0,242
0,568
0,241
0,466
0,337
0,240
0,239
0,538
0,238
0,478
0,237
10,3
9,5
0,236
0,324
0,235
0,234
0,233
0,567
0,232
0,231
0,230
0,515
0,229
0,410
0,0
0,228
0,227
0,226
0,225
0,320
0,224
0,223
0,462
0,221
0,335
0,220
0,219
0,218
0,217
2,4
0,216
0,215
0,214
0,213
2,6
2,3
1,3
0,210
0,209
0,208
0,207
0,206
0,205
0,204
0,203
0,202
0,201
0,488
0,200
0,199
0,197
0,304
0,303
0,12
0,11
0,10
0,8
0,194
0,193
53,3
53,2
53,1
53,0
50,5
50,4
50,3
50,2
50,1
50,0
49,4
49,3
49,2
49,1
49,0
48,5
48,4
48,3
48,2
48,1
48,0
47,5
47,4
47,3
47,2
47,1
47,0
46,5
46,4
46,3
46,2
46,1
46,0
45,7
45,6
45,5
45,4
45,3
45,2
45,1
45,0
44,6
44,5
44,4
44,3
44,2
44,1
44,0
43,4
43,3
43,2
43,1
43,0
42,4
42,3
42,2
42,1
42,0
41,4
41,3
41,2
41,1
41,0
40,3
40,2
40,1
40,0
39,4
39,3
39,2
39,1
39,0
38,9
38,8
38,7
38,6
38,5
38,4
38,3
38,2
38,1
38,0
37,5
37,4
37,3
37,2
37,1
37,0
36,4
36,3
36,2
36,1
36,0
35,4
35,3
35,2
35,1
35,0
34,5
34,4
34,3
34,2
34,1
34,0
33,4
33,3
33,2
33,1
33,0
32,3
32,2
32,1
32,0
31,5
31,4
31,3
31,2
31,1
31,0
30,3
30,2
30,1
30,0
29,5
29,4
29,3
29,2
29,1
29,0
28,7
28,6
28,5
28,4
28,3
28,2
28,1
28,0
27,5
27,4
27,3
27,2
27,1
27,0
26,4
26,3
26,2
26,1
26,0
25,7
25,6
25,5
25,4
25,3
25,2
25,1
25,0
24,4
24,3
24,2
24,1
24,0
23,5
23,4
23,3
23,2
23,1
23,0
22,4
22,3
22,2
22,1
22,0
21,8
21,7
21,6
21,5
21,4
21,3
21,2
21,1
21,0
20,4
20,3
20,2
20,1
20,0
19,4
19,3
19,2
19,1
19,0
18,14
18,13
18,12
18,11
18,10
18,9
18,8
18,7
18,6
18,5
18,4
18,3
18,2
18,1
18,0
17,5
17,4
17,3
17,2
17,1
17,0
16,81
16,80
16,79
16,78
16,76
16,75
16,74
16,73
16,72
16,71
16,70
16,69
16,68
16,67
16,66
16,65
16,64
16,39
16,38
16,37
16,36
16,35
16,34
16,33
16,32
16,31
16,30
16,29
16,28
16,27
16,26
16,25
16,24
16,23
16,22
16,21
16,20
16,19
16,18
16,17
16,16
16,15
16,14
16,13
16,12
16,11
16,10
16,9
16,8
16,7
16,6
16,5
16,4
16,3
16,2
16,1
16,0
15,41
15,40
15,39
15,38
15,37
15,36
15,35
15,34
15,33
15,32
15,31
15,30
15,29
15,28
15,27
15,26
15,25
15,24
15,23
15,22
15,20
15,19
15,18
15,17
15,16
15,13
15,10
15,9
15,8
15,7
15,6
15,5
15,4
15,3
15,2
15,1
15,0
14,267
14,266
14,265
14,264
14,263
14,262
14,261
14,260
14,259
14,258
14,257
14,256
14,255
14,254
14,253
14,252
14,250
14,249
14,248
14,247
14,246
14,234
14,233
14,218
14,216
14,215
14,214
14,213
14,212
14,211
14,210
14,209
14,208
14,207
14,206
14,205
14,204
14,203
14,202
14,201
14,200
14,199
14,198
14,197
14,195
14,194
14,193
14,111
14,110
13,4
13,2
13,1
13,0
12,9
12,8
12,7
12,6
12,5
12,4
12,2
12,1
12,0
11,4
11,2
11,1
11,0
10,2
10,1
10,0
9,2
9,1
9,0
8,5
8,4
8,2
8,1
8,0
7,5
7,2
7,1
7,0
6,5
6,2
6,1
6,0
5,6
5,5
5,4
5,2
5,1
5,0
4,3
4,2
4,1
4,0
3,6
3,5
3,4
3,3
3,2
3,1
3,0
1,2
1,1
1,0
2,1
0,5
0,305
0,302
0,3
